"use strict";

function markPatterns(pattern, image){
    return image;
}


var assert = require('assert');

if (!global.is_checking) {
    // These "asserts" using only for self-checking and not necessary for auto-testing
    assert.deepEqual(markPatterns([[1, 0], [1, 1]],
            [[0, 1, 0, 1, 0],
             [0, 1, 1, 0, 0],
             [1, 0, 1, 1, 0],
             [1, 1, 0, 1, 1],
             [0, 1, 1, 0, 0]]), [[0, 3, 2, 1, 0],
                                 [0, 3, 3, 0, 0],
                                 [3, 2, 1, 3, 2],
                                 [3, 3, 0, 3, 3],
                                 [0, 1, 1, 0, 0]], "1st");
    assert.deepEqual(markPatterns([[1, 1], [1, 1]],
            [[1, 1, 1],
             [1, 1, 1],
             [1, 1, 1]]), [[3, 3, 1],
                           [3, 3, 1],
                           [1, 1, 1]], "2nd");
    assert.deepEqual(markPatterns([[0, 1, 0], [1, 1, 1]],
            [[0, 0, 1, 0, 0, 0, 0, 0, 1, 0],
             [0, 1, 1, 1, 0, 0, 0, 1, 1, 1],
             [0, 0, 0, 0, 0, 0, 0, 0, 0, 0],
             [0, 0, 0, 0, 0, 1, 0, 0, 0, 0],
             [0, 1, 0, 0, 1, 1, 1, 0, 1, 0],
             [1, 1, 1, 0, 0, 0, 0, 0, 1, 1],
             [0, 0, 0, 1, 1, 1, 0, 0, 0, 0],
             [0, 0, 1, 0, 0, 0, 0, 1, 0, 0],
             [0, 1, 1, 0, 0, 0, 1, 1, 1, 0],
             [0, 0, 0, 0, 0, 0, 0, 0, 0, 0]]), [[0, 2, 3, 2, 0, 0, 0, 2, 3, 2],
                                                [0, 3, 3, 3, 0, 0, 0, 3, 3, 3],
                                                [0, 0, 0, 0, 0, 0, 0, 0, 0, 0],
                                                [0, 0, 0, 0, 2, 3, 2, 0, 0, 0],
                                                [2, 3, 2, 0, 3, 3, 3, 0, 1, 0],
                                                [3, 3, 3, 0, 0, 0, 0, 0, 1, 1],
                                                [0, 0, 0, 1, 1, 1, 0, 0, 0, 0],
                                                [0, 0, 1, 0, 0, 0, 2, 3, 2, 0],
                                                [0, 1, 1, 0, 0, 0, 3, 3, 3, 0],
                                                [0, 0, 0, 0, 0, 0, 0, 0, 0, 0]], "3rd");
    console.log("All set? Click 'Check' to review your code and earn rewards!");
}

