def mark_patterns(pattern, image):
    return image


if __name__ == '__main__':
    # These "asserts" using only for self-checking and not necessary for auto-testing
    assert mark_patterns([[1, 0], [1, 1]],
                         [[0, 1, 0, 1, 0],
                          [0, 1, 1, 0, 0],
                          [1, 0, 1, 1, 0],
                          [1, 1, 0, 1, 1],
                          [0, 1, 1, 0, 0]]) == [[0, 3, 2, 1, 0],
                                                [0, 3, 3, 0, 0],
                                                [3, 2, 1, 3, 2],
                                                [3, 3, 0, 3, 3],
                                                [0, 1, 1, 0, 0]], "1st"
    assert mark_patterns([[1, 1], [1, 1]],
                         [[1, 1, 1],
                          [1, 1, 1],
                          [1, 1, 1]]) == [[3, 3, 1],
                                          [3, 3, 1],
                                          [1, 1, 1]], "2nd"
    assert mark_patterns([[0, 1, 0], [1, 1, 1]],
                         [[0, 0, 1, 0, 0, 0, 0, 0, 1, 0],
                          [0, 1, 1, 1, 0, 0, 0, 1, 1, 1],
                          [0, 0, 0, 0, 0, 0, 0, 0, 0, 0],
                          [0, 0, 0, 0, 0, 1, 0, 0, 0, 0],
                          [0, 1, 0, 0, 1, 1, 1, 0, 1, 0],
                          [1, 1, 1, 0, 0, 0, 0, 0, 1, 1],
                          [0, 0, 0, 1, 1, 1, 0, 0, 0, 0],
                          [0, 0, 1, 0, 0, 0, 0, 1, 0, 0],
                          [0, 1, 1, 0, 0, 0, 1, 1, 1, 0],
                          [0, 0, 0, 0, 0, 0, 0, 0, 0, 0]]) == [[0, 2, 3, 2, 0, 0, 0, 2, 3, 2],
                                                               [0, 3, 3, 3, 0, 0, 0, 3, 3, 3],
                                                               [0, 0, 0, 0, 0, 0, 0, 0, 0, 0],
                                                               [0, 0, 0, 0, 2, 3, 2, 0, 0, 0],
                                                               [2, 3, 2, 0, 3, 3, 3, 0, 1, 0],
                                                               [3, 3, 3, 0, 0, 0, 0, 0, 1, 1],
                                                               [0, 0, 0, 1, 1, 1, 0, 0, 0, 0],
                                                               [0, 0, 1, 0, 0, 0, 2, 3, 2, 0],
                                                               [0, 1, 1, 0, 0, 0, 3, 3, 3, 0],
                                                               [0, 0, 0, 0, 0, 0, 0, 0, 0, 0]], "3rd"
